0110100100010001
0000100000000000
0000100000000000
0000100000000000
0000100000000000
0000100000000000
0000100000000000
0110101000100010
0000100000000000
0000100000000000
0000100000000000
0000100000000000
0000100000000000
0000100000000000
0110101100110011
0000100000000000
0000100000000000
0000100000000000
0000100000000000
0000100000000000
0000100000000000
1110000101010001
0000100000000000
0000100000000000
0000100000000000
0000100000000000
0000100000000000
0000100000000000
1110101110001010
0000100000000000
0000100000000000
0000100000000000
0000100000000000
0000100000000000
0000100000000000
1110101101001010
0000100000000000
0000100000000000
0000100000000000
0000100000000000
0000100000000000
0000100000000000
