0110100000000000
0000100000000000
0000100000000000
0000100000000000
0000100000000000
0000100000000000
0000100000000000
0110100100010001
0000100000000000
0000100000000000
0000100000000000
0000100000000000
0000100000000000
0000100000000000
0110101000100010
0000100000000000
0000100000000000
0000100000000000
0000100000000000
0000100000000000
0000100000000000
0110101100110011
0000100000000000
0000100000000000
0000100000000000
0000100000000000
0000100000000000
0000100000000000
1110000101010001
0000100000000000
0000100000000000
0000100000000000
0000100000000000
0000100000000000
0000100000000000
1110101110001010
0000100000000000
0000100000000000
0000100000000000
0000100000000000
0000100000000000
0000100000000000
1110101101001010
0000100000000000
0000100000000000
0000100000000000
0000100000000000
0000100000000000
0000100000000000
0111000000000000
0000100000000000
0000100000000000
0000100000000000
0000100000000000
0000100000000000
0000100000000000
0111000000000001
0000100000000000
0000100000000000
0000100000000000
0000100000000000
0000100000000000
0000100000000000
1111000100000001
0000100000000000
0000100000000000
0000100000000000
0000100000000000
0000100000000000
0000100000000000
1111010000000000
0000100000000000
0000100000000000
0000100000000000
0000100000000000
0000100000000000
0000100000000000
1110110101000000
0000100000000000
0000100000000000
0000100000000000
0000100000000000
0000100000000000
0000100000000000
0110010000100000
0000100000000000
0000100000000000
0000100000000000
0000100000000000
0000100000000000
0000100000000000
0111110001100000
0000100000000000
0000100000000000
0000100000000000
0000100000000000
0000100000000000
0000100000000000
1110110000101100
0000100000000000
0000100000000000
0000100000000000
0000100000000000
0000100000000000
0000100000000000
1110110000101011
0000100000000000
0000100000000000
0000100000000000
0000100000000000
0000100000000000
0000100000000000
0110110001011000
0000100000000000
0000100000000000
0000100000000000
0000100000000000
0000100000000000
0000100000000000
1110110001101101
0000100000000000
0000100000000000
0000100000000000
0000100000000000
0000100000000000
0000100000000000
0011010000100000
0000100000000000
0000100000000000
0000100000000000
0000100000000000
0000100000000000
0000100000000000
0011010000110000
0000100000000000
0000100000000000
0000100000000000
0000100000000000
0000100000000000
0000100000000000
0110110110101100
0000100000000000
0000100000000000
0000100000000000
0000100000000000
0000100000000000
0000100000000000
0011010110100000
0000100000000000
0000100000000000
0000100000000000
0000100000000000
0000100000000000
0000100000000000
0011011010100011
0000100000000000
0000100000000000
0000100000000000
0000100000000000
0000100000000000
0000100000000000
0011011010110011
0000100000000000
0000100000000000
0000100000000000
0000100000000000
0000100000000000
0000100000000000
0011011010100010
0000100000000000
0000100000000000
0000100000000000
0000100000000000
0000100000000000
0000100000000000
0011011010110010
0000100000000000
0000100000000000
0000100000000000
0000100000000000
0000100000000000
0000100000000000
0110110000000011
0000100000000000
0000100000000000
0000100000000000
0000100000000000
0000100000000000
0000100000000000
0110110110001001
0000100000000000
0000100000000000
0000100000000000
0000100000000000
0000100000000000
0000100000000000
1110110010100100
0000100000000000
0000100000000000
0000100000000000
0000100000000000
0000100000000000
0000100000000000
1110001101010011
0000100000000000
0000100000000000
0000100000000000
0000100000000000
0000100000000000
0000100000000000
0100110000100011
0000100000000000
0000100000000000
0000100000000000
0000100000000000
0000100000000000
0000100000000000
0100000110001111
0000100000000000
0000100000000000
0000100000000000
0000100000000000
0000100000000000
0000100000000000
0110001100010010
0000100000000000
0000100000000000
0000100000000000
0000100000000000
0000100000000000
0000100000000000
