0110100000000000
0110100100010001
0110101000100010
0001000000000101
0110100000000001
0110100000000010
0110100000000011
0110100000000100
0110100000000101
0110100000000110
0110100000000111
0110100000001000
0110100000001001
0110100000010000
0110100000010001
0110100000010010
0110100000010011
0110100000010100
1110000101010001
1110101110001010
1110101101001010
0111000000000000
0111000000000001
1111000100000001
1111010000000000
1110110101000000
0110010000100000
0111110001100000
1110110000101100
1110110000101011
0110110001011000
1110110001101101
0011010000100000
0011010000110000
0110110110101100
0011010110100000
0011011010100011
0011011010110011
0011011010100010
0011011010110010
0110110000000011
0110110110001001
1110110010100100
1110001101010011
0100110000100011
0100000110001111
0110001100010010
